 	Frame #	x	y	FWHM	?F/F0	r^2	Duration (frames)	Duration (t½) (ms)	Spark Mass	Other statistics	 	Options	  
6	3	51.66	63.839	1.911	0.35	0.709	1	NaN	2.946	Mean FWHM (microns)	4860.184±1721.652	"Threshold, ?"	3.8
11	5	204.575	111.927	1.202	0.127	0.552	2	-28.989	0.266	 	 	Adv. cell definition	TRUE
13	7	214.491	55.095	1.616	0.516	0.761	3	1.955	2.627	 	 	 	 
15	7	179.272	137.982	1.259	0.079	0.512	1	NaN	0.191	 	 	 	 
16	8	12.377	100.845	1.658	0.308	0.833	3	-1.818	1.69	 	 	 	 
24	12	108.681	30.679	3.189	0.139	0.703	1	NaN	5.444	 	 	 	 
25	12	59.241	33.907	3.595	0.227	0.9	2	34.771	12.734	 	 	 	 
26	12	23.511	64.398	3.77	0.86	0.822	3	276.476	55.577	 	 	 	 
33	13	206.79	102.799	1.248	0.305	0.837	1	NaN	0.715	 	 	 	 
39	14	13.772	82.046	4.82	0.404	0.838	1	NaN	54.59	 	 	 	 
43	15	26.014	77.847	2.636	0.999	0.943	3	NaN	22.086	 	 	 	 
57	19	60.221	75.942	2.942	0.251	0.716	1	NaN	7.712	 	 	 	 
60	20	216.177	51.51	1.258	1.44	0.912	1	NaN	3.461	 	 	 	 
70	22	206.09	113.184	1.727	0.226	0.599	3	NaN	1.407	 	 	 	 
90	28	209.229	101.652	4.427	0.562	0.752	1	NaN	58.87	 	 	 	 
95	29	217.942	53.049	1.072	1.083	0.949	2	52.14	1.608	 	 	 	 
97	30	91.786	99.365	3.606	0.095	0.73	2	10.055	5.368	 	 	 	 
104	31	58.858	150.451	4.197	0.369	0.82	1	NaN	32.922	 	 	 	 
105	31	150.968	141.094	2.524	0.083	0.768	1	NaN	1.608	 	 	 	 
113	33	69.547	76.852	2.904	0.089	0.609	2	27.746	2.621	 	 	 	 
115	33	94.026	132.667	1.377	0.13	0.852	1	Infinity	0.408	 	 	 	 
123	35	69.509	70.868	3.388	0.103	0.731	1	Infinity	4.836	 	 	 	 
131	37	73.382	47.768	4.312	0.052	0.564	1	NaN	5.044	 	 	 	 
138	37	65.582	153.452	1.129	0.196	0.839	2	219.332	0.34	 	 	 	 
139	38	212.883	59.418	3.356	0.25	0.846	4	313.397	11.407	 	 	 	 
150	42	85.718	90.452	5.225	0.045	0.579	2	70.391	7.754	 	 	 	 
151	42	20.298	79.153	1.601	0.188	0.668	1	NaN	0.93	 	 	 	 
154	43	210.057	65.284	1.723	4.946	0.726	1	NaN	30.513	 	 	 	 
157	44	54.178	61.353	1.47	0.29	0.767	1	NaN	1.109	 	 	 	 
158	44	214.462	46.231	1.028	5.492	0.856	2	-90.087	7.203	 	 	 	 
163	46	182.503	59.371	4.636	4.426	0.531	1	NaN	531.919	 	 	 	 
179	52	24.496	53.472	1.275	3.49	0.573	2	41.162	8.721	 	 	 	 
197	58	211.526	61.417	1.872	2.499	0.612	1	NaN	19.787	 	 	 	 
201	61	135.101	59.264	4.058	0.044	0.573	1	NaN	3.582	 	 	 	 
202	61	216.188	54.281	1.685	0.682	0.93	2	38.747	3.938	 	 	 	 
204	61	61.921	103.97	1.255	0.052	0.57	1	Infinity	0.123	 	 	 	 
210	62	17.885	107.174	2.439	1.34E+154	0.957	1	NaN	2.35E+155	 	 	 	 
212	63	202.343	70.316	1.241	2.677	0.88	1	NaN	6.175	 	 	 	 
218	63	36.204	111.82	1.3	0.104	0.624	1	NaN	0.274	 	 	 	 
225	64	52.487	142.316	3.91	0.48	0.964	4	1.525	34.588	 	 	 	 
226	65	15.481	81.851	2.631	0.286	0.861	7	142.332	6.282	 	 	 	 
229	66	41.8	107.177	3.248	0.176	0.806	1	NaN	7.256	 	 	 	 
242	70	96.109	70.378	5.213	0.053	0.685	2	30.658	9.046	 	 	 	 
244	71	145.793	56.086	2.404	0.095	0.78	1	NaN	1.59	 	 	 	 
251	74	143.357	70.972	3.995	0.041	0.506	1	NaN	3.122	 	 	 	 
252	74	218.429	53.024	1.904	0.625	0.881	1	NaN	5.204	 	 	 	 
253	74	82.052	62.006	4.119	0.078	0.667	1	NaN	6.582	 	 	 	 
259	75	207.956	66.131	1.095	4.376	0.643	4	300.93	6.931	 	 	 	 
261	77	128.156	60.632	4.182	0.052	0.596	1	NaN	4.584	 	 	 	 
264	78	65.213	70.804	1.439	0.314	0.853	2	266.407	1.128	 	 	 	 
265	80	143.674	55.562	5.795	0.07	0.638	3	48.014	16.48	 	 	 	 
268	80	179.133	119.166	1.592	0.057	0.537	2	13.09	0.28	 	 	 	 
276	84	159.808	41.584	3.387	0.145	0.907	2	127.306	6.793	 	 	 	 
277	84	226.594	37.158	1.618	5.082	0.753	1	NaN	25.957	 	 	 	 
280	84	26.706	96.425	2.262	0.089	0.694	1	Infinity	1.238	 	 	 	 
281	85	27.232	61.225	1.135	0.26	0.662	1	NaN	0.457	 	 	 	 
286	87	125.287	69.472	4.339	0.081	0.645	3	191.22	7.967	 	 	 	 
288	87	52.171	137.386	2.469	0.078	0.535	1	NaN	1.421	 	 	 	 
293	89	21.221	60.869	4.14	0.5	0.829	1	NaN	42.795	 	 	 	 
294	89	68.612	75.681	2.396	0.117	0.831	1	NaN	1.941	 	 	 	 
296	89	141.706	114.868	2.624	0.078	0.742	1	NaN	1.699	 	 	 	 
298	89	98.772	112.115	2.377	0.06	0.658	3	-4.603	0.978	 	 	 	 
302	90	161.774	118.769	3.424	0.091	0.548	6	62.109	4.428	 	 	 	 
305	92	15.485	81.084	4.727	0.238	0.842	1	NaN	30.309	 	 	 	 
306	92	203.223	100.06	1.477	0.08	0.616	1	NaN	0.312	 	 	 	 
309	92	179.319	121.343	1.064	0.061	0.531	1	Infinity	0.088	 	 	 	 
313	94	66.323	55.282	4.517	-0.06	0.592	4	302.648	-6.613	 	 	 	 
316	94	63.935	106.5	1.24	0.087	0.605	1	Infinity	0.201	 	 	 	 
318	95	28.912	66.4	3.185	0.184	0.644	2	120.903	7.187	 	 	 	 
325	97	210.686	63.654	1.766	4.522	0.698	1	Infinity	30.037	 	 	 	 
328	98	145.446	57.007	5.277	0.056	0.689	1	NaN	9.997	 	 	 	 
340	100	67.296	72.411	1.397	0.051	0.527	1	NaN	0.169	 	 	 	 
343	101	43.392	26.697	2.207	0.512	0.735	1	Infinity	6.646	 	 	 	 
349	102	51.327	139.679	1.793	0.071	0.643	1	Infinity	0.491	 	 	 	 
350	103	125.653	54.67	4.161	0.062	0.548	2	NaN	5.36	 	 	 	 
353	104	43.33	25.615	1.332	0.087	0.674	1	Infinity	0.249	 	 	 	 
360	106	149.674	56.835	5.843	0.062	0.533	1	NaN	14.967	 	 	 	 
364	107	134.557	62.482	3.558	0.063	0.668	2	-7.21	3.412	 	 	 	 
366	107	50.895	68.299	2.321	35.012	0.769	1	NaN	527.727	 	 	 	 
370	108	64.95	162.131	2.104	0.154	0.527	1	NaN	1.727	 	 	 	 
371	109	27.21	79.024	5.491	0.2	0.584	2	-2.091	39.914	 	 	 	 
375	109	180.407	119.093	4.045	0.452	0.892	3	16.89	36.048	 	 	 	 
378	110	14.407	79.87	1.298	0.661	0.833	1	NaN	1.743	 	 	 	 
380	111	25.26	61.847	3.359	0.522	0.886	2	1001.2	23.865	 	 	 	 
383	112	123.117	45.318	2.209	0.081	0.532	1	NaN	1.056	 	 	 	 
384	112	51.861	70.565	2.29	0.52	0.875	2	144.552	7.533	 	 	 	 
385	112	195.134	115.157	1.331	0.092	0.618	1	NaN	0.261	 	 	 	 
390	112	54.218	141.784	3.433	0.261	0.904	1	Infinity	12.754	 	 	 	 
394	114	115.918	68.995	3.696	0.063	0.502	1	NaN	3.859	 	 	 	 
398	115	76.762	58.057	3.548	0.074	0.768	1	NaN	3.975	 	 	 	 
403	116	212.806	57.668	1.677	0.416	0.837	1	NaN	2.367	 	 	 	 
405	116	151.925	132.999	1.236	0.061	0.504	1	Infinity	0.139	 	 	 	 
411	118	142.042	58.163	4.005	0.07	0.745	1	NaN	5.412	 	 	 	 
414	119	131.668	56.508	4.15	0.045	0.6	1	NaN	3.892	 	 	 	 
422	121	208.206	63.968	1.782	5.432	0.724	1	NaN	37.065	 	 	 	 
424	122	146.154	54.354	5.08	0.057	0.668	1	NaN	9.017	 	 	 	 
429	122	53.711	137.887	3.223	0.097	0.756	1	NaN	3.903	 	 	 	 
432	124	143.246	55.225	4.999	0.051	0.597	2	1002.175	7.66	 	 	 	 
435	124	208.454	100.418	1.609	0.367	0.83	1	NaN	1.841	 	 	 	 
441	126	41.132	109.982	4.572	0.197	0.77	1	Infinity	22.694	 	 	 	 
442	126	56.804	138.247	3.262	0.062	0.576	1	NaN	2.606	 	 	 	 
446	128	13.429	80.559	3.418	0.28	0.925	6	554.928	13.47	 	 	 	 
450	128	76.723	127.986	4.631	0.179	0.682	1	Infinity	21.398	 	 	 	 
451	129	141.223	116.813	1.443	0.078	0.625	2	55.559	0.285	 	 	 	 
454	129	55.134	140.917	1.203	0.122	0.692	4	300.445	0.257	 	 	 	 
463	133	70.647	57.575	2.215	0.058	0.535	1	NaN	0.76	 	 	 	 
467	134	79.56	82.172	2.953	0.061	0.679	1	NaN	1.888	 	 	 	 
468	134	78.074	118.731	4.259	0.112	0.62	1	NaN	10.432	 	 	 	 
474	136	136.643	118.547	4.908	0.064	0.728	4	307.874	9.177	 	 	 	 
476	136	53.267	137.948	2.729	0.102	0.684	1	NaN	2.506	 	 	 	 
477	137	52.399	63.412	1.146	0.842	0.895	1	NaN	1.529	 	 	 	 
481	138	50.788	140.446	1.37	0.084	0.763	1	NaN	0.261	 	 	 	 
491	141	86.056	132.067	5.477	0.161	0.84	2	141.297	31.821	 	 	 	 
494	143	124.72	52.791	5.652	0.049	0.603	1	NaN	10.576	 	 	 	 
497	143	53.142	138.089	3.441	0.081	0.555	1	NaN	3.982	 	 	 	 
500	145	149.502	60.119	2.83	0.087	0.756	5	278.076	2.376	 	 	 	 
503	147	138.469	59.827	3.913	0.076	0.767	3	-0.102	5.456	 	 	 	 
508	148	49.283	138.721	5.302	0.241	0.817	1	Infinity	43.256	 	 	 	 
510	149	145.203	134.73	5.517	0.209	0.817	3	-139.036	42.3	 	 	 	 
511	149	88.065	133.212	1.309	0.128	0.765	1	NaN	0.347	 	 	 	 
512	150	88.532	75.947	4.929	0.135	0.804	1	NaN	19.444	 	 	 	 
515	151	138.261	84.795	1.814	0.068	0.523	1	NaN	0.487	 	 	 	 
516	151	28.634	58.447	1.454	0.307	0.765	1	NaN	1.138	 	 	 	 
521	152	86.554	74.702	1.196	-0.121	0.53	1	NaN	-0.25	 	 	 	 
523	152	191.697	115.669	3.525	-0.187	0.593	1	NaN	-9.866	 	 	 	 
524	153	43.89	19.77	2.626	0.046	0.579	1	NaN	0.995	 	 	 	 
534	156	202.688	54.334	1.963	0.26	0.845	1	NaN	2.368	 	 	 	 
538	157	180.708	137.644	1.489	0.063	0.588	1	NaN	0.251	 	 	 	 
539	158	134.663	43.488	5.323	0.065	0.517	3	NaN	11.759	 	 	 	 
545	159	92.455	115.532	2.643	0.058	0.533	2	11.721	1.29	 	 	 	 
546	159	58.203	142.521	2.017	0.164	0.738	2	49.734	1.624	 	 	 	 
548	160	81.962	55.59	4.143	0.115	0.811	1	NaN	9.825	 	 	 	 
549	160	18.606	73.342	4.415	0.226	0.584	2	258.857	23.412	 	 	 	 
556	162	44.359	17.118	1.94	0.061	0.646	1	NaN	0.537	 	 	 	 
557	162	28.26	63.259	1.581	0.414	0.823	2	-16.161	1.973	 	 	 	 
559	162	128.089	130.278	2.509	0.091	0.832	1	Infinity	1.728	 	 	 	 
565	164	209.275	64.574	1.987	6.67	0.591	2	-66.834	63.134	 	 	 	 
566	164	58.637	58.969	4.741	-0.067	0.581	1	NaN	-8.602	 	 	 	 
568	164	78.121	120.687	4.543	0.118	0.654	1	NaN	13.321	 	 	 	 
576	167	126.986	59.145	3.028	0.048	0.517	1	NaN	1.615	 	 	 	 
578	168	153.275	60.751	3.59	0.102	0.63	2	-25.386	5.706	 	 	 	 
579	168	96.81	59.975	3.898	0.068	0.705	1	NaN	4.826	 	 	 	 
587	170	82.241	57.984	5.047	0.057	0.644	3	NaN	8.814	 	 	 	 
595	173	26.942	54.038	1.232	4.999	0.545	2	-49.709	11.267	 	 	 	 
602	175	147.389	51.305	2.347	0.093	0.743	2	64.379	1.442	 	 	 	 
604	175	84.571	107.978	4.853	0.276	0.972	1	NaN	38.027	 	 	 	 
609	177	162.429	95.883	4.593	0.057	0.568	3	-4.237	6.611	 	 	 	 
614	179	214.767	32.16	1.244	0.191	0.844	1	NaN	0.444	 	 	 	 
617	179	58.571	149.298	4.221	0.311	0.851	1	NaN	28.179	 	 	 	 
623	181	13.205	78.237	3.064	0.514	0.916	3	NaN	17.816	 	 	 	 
624	181	60.34	142.13	4.045	0.408	0.735	2	-2.275	32.554	 	 	 	 
626	182	131.694	119.206	2.567	0.114	0.864	4	167.9	2.318	 	 	 	 
627	183	68.413	55.724	5.414	-0.146	0.723	1	NaN	-27.865	 	 	 	 
636	184	59.125	142.319	2.001	0.187	0.778	2	1482.579	1.807	 	 	 	 
639	185	12.998	81.412	1.933	0.187	0.908	1	NaN	1.627	 	 	 	 
646	188	145.891	50.039	3.057	0.063	0.612	1	NaN	2.17	 	 	 	 
647	188	26.839	62.085	1.161	0.502	0.853	1	NaN	0.948	 	 	 	 
652	189	76.725	56.093	4.68	0.072	0.691	1	NaN	8.855	 	 	 	 
653	190	87.157	58.667	3.205	0.061	0.57	4	304.699	2.415	 	 	 	 
655	191	25.708	64.44	1.346	0.306	0.762	1	NaN	0.9	 	 	 	 
657	191	50.083	140.278	1.485	-0.104	0.72	1	NaN	-0.41	 	 	 	 
659	193	144.016	54.847	4.699	0.062	0.592	2	-14.056	7.796	 	 	 	 
